10459050
10552848
10579946
10260196
10564118
10452962
10553116
10577774
10298726
10563488
10565018
10298986
10473478
10558730
10556418
10444626
10551924
10566448
10298854
10582834
10437678
10175968
10566446
10558530
10582838
10426722
10508748
10568138
10228194
10582846
10564792
10507420
10550744
6244082
10578920
10564546
10284852
10551816
10557826
10565546
10564774
10521638
10194874
10557696
10477246
808380
10480344
10427174
10557096
10565078
10564550
10466924
10171204
10202850
10437734
10564044
10508834
10562842
10187754
10176000
10564212
10393348
10582860
10556426
10565010
10404436
10164416
10577772
10556424
10565030
10393934
10163972
10565550
10556254
10564900
10564222
10582890
10565404
10556232
10413748
10564232
10550096
10564378
10172654
10564678
10562760
10582808
10564402
10180776
10393214
10563398
10467084
10564828
10171718
10563864
10359780
10440358
10404410
10171310
10563980
10356162
10458962
10444622
10163796
10563950
10561780
10565390
10398268
10163888
10387690
10281228
10565180
10563504
10555972
10477012
10339702
10565334
10390276
10555842
10398878
10163976
10565034
10563842
10555772
10563556
10333504
10564780
10563946
10555566
10563486
10327278
10564414
10390796
10555812
10563184
10561430
10564972
10562918
6229138
10563472
10561472
10564448
10562056
10152006
10365828
10315518
10180468
10337792
10131924
10352364
10560650
10393290
10561460
10131928
10562994
10309948
10563874
10561492
10129784
10562976
10560490
10564112
10561316
10553996
10562902
10284780
10564358
7918288
10553836
10359688
10315488
10563832
10315536
10554056
10562744
10559334
10563772
10305120
10298886
10561786
10277030
10393042
10309988
10250578
10561684
10302990
10563868
10560224
10553478
10337866
10276996
10164184
10290314
10194934
10327460
10270438
10563378
10281230
10150360
10333552
10265410
10359840
10298434
10314868
10561628
10558968
10563360
10560228
10553070
10561644
10298862
10561630
10560232
10553186
10561424
10558988
10566098
10270242
10552446
10318382
10270464
10321402
10260768
8407076
10561366
10243820
10561322
6306928
10085052
10321344
10239276
10321232
10188140
6244188
10314864
10558318
10561208
9518230
10163718
10287994
10558500
10561200
10164106
10551990
10291070
10557838
10560636
10558710
10168086
10560138
10557930
10298990
10558672
10544488
10284986
10557720
10560174
10233478
10544524
10298688
10557588
10302998
10558222
10500572
10275678
10180956
10560072
10233426
10508570
10267180
10187758
10276960
10207872
10466960
10270222
10556442
10559998
10216234
10466882
10560048
10181136
10261446
10182990
10318360
10269422
10187930
10265390
10417008
10585188
10256212
10176592
10250548
10181148
10587024
10258376
10176510
10299032
10556230
10587028
10298884
10176868
10250378
10176684
10305112
10164490
10175946
10164688
10180308
10586130
10558796
10175944
10558776
10176418
10586730
10558474
10161228
10164744
10556088
10586392
10298908
10163772
10233318
10556122
10586040
10558702
10555990
10558024
10171542
10586178
10265438
10183182
10216228
10163094
10585700
10558296
10555664
10557354
10154524
10585638
10557954
10554950
10557576
10129380
10585630
10557890
10298426
10556664
10554770
10191458
10557050
10140200
10556620
10239554
10310068
10557468
10554890
10194826
10554104
9759318
10202772
10131002
10556788
10553950
10560542
10203214
10566354
10556698
10553944
10125368
10556902
10554312
10556544
10554014
10352268
10180980
10402288
10258442
10485340
10557010
10183028
10334588
10181138
10154504
10585282
10168104
10180902
10175934
10553272
10585326
10556044
10298750
10171850
10164124
10585268
10163062
10553328
10171984
10163042
10584654
10555974
9315710
10171526
10553204
10584992
10150050
10552944
10171926
10552902
10584650
10152018
10552954
10171444
10097798
10584738
10555446
7421094
10556024
10543730
10582964
10187792
10132034
10473344
10479772
10578734
10555250
10495708
10556018
10543568
10580346
10139948
10477134
10170304
10543662
10580850
10164088
10551184
10555644
10315618
10581176
10137232
10239532
10555606
10302784
10577958
10137288
10507536
10152132
10427154
10576722
10194860
10543848
10555308
10507400
10577358
10554500
10507530
10555354
10508850
10578048
10123924
10479864
10149934
9985010
10568192
10164344
10480440
10555238
9848338
10577802
10370362
10500632
10139944
10467014
10568108
10165816
10507398
10128208
10553846
10352372
10553374
10507374
10216372
10432840
10131976
10342866
10480456
10129540
10562944
10360010
10553608
10467048
10554558
10321222
10553660
10309992
10467056
10126344
10587768
10552366
10183126
10582346
10129408
10352012
10551872
10553192
10566216
10404960
10556456
10164580
10541394
10579638
10175884
10239420
10172040
6832372
10566356
10180436
10560738
10556412
10551170
10587712
10554400
10246836
10563734
10544428
10588884
10554324
10585230
10555028
10508586
10557440
10553542
10556970
10171852
10480324
10589328
10553740
10590334
10553490
10479952
10163810
10553548
10585750
10555854
10589230
10589424
10258488
10590666
10583084
10588700
10589096
10351920
10589706
10583088
10552204
10298950
10553306
10589724
10582798
10588674
10589430
10239218
10589776
10477160
10553112
10589032
10149946
10589748
10565558
10589336
10589048
10298960
10556396
10579452
10589364
10589030
10125426
10583348
41160
10557662
10550748
10164540
10370456
10565052
10589340
10302978
10579600
10579794
10564846
10589042
10588748
10567694
10567946
10564714
10589054
10588720
10588836
10589572
10564020
10589062
10588712
10589322
10557622
10414318
10588774
10588656
10588194
10589492
10564462
10588878
10588688
10589178
10579674
10414360
10557670
10579508
10588906
10567780
10564434
10579442
10553564
10588874
10567742
10414472
10588464
10565120
10589342
10588882
10564410
10581376
10216224
10589346
10588962
10387734
10588472
10399628
10589256
10589196
10387576
10581366
10567494
10473326
10589452
10393158
10588342
10588300
10589108
10585616
10563296
10588318
10567308
10589068
10589344
10562934
10581302
10567258
10589070
10589104
10563294
10567324
10560272
10565932
10589060
10377480
10421348
10588096
10588752
10589446
10352174
10563306
10588228
10588914
10559476
10562664
10543688
10588156
10588908
10589034
10339790
10588240
10588200
10588708
10588868
10562678
10578370
10588064
10588802
10589038
10561700
10579166
10555862
10588732
10588910
10561712
10565554
10555182
10588682
10588722
10561676
10588184
10567136
10588742
10588714
10561272
10555994
10164478
10588758
10588760
10318244
10587942
10582264
10588766
10588638
10560686
10233438
10587948
10588580
10588706
10561168
10578986
10551252
10588576
10588412
10561368
10140070
10561304
10550714
10128234
10560664
10579002
10561640
10588344
10588438
10561194
10587830
10587726
10588316
10256206
10561192
10587838
10587604
10579344
10567438
10560678
10566672
10587452
10579334
10588322
10560470
10587814
10587528
10588314
10579300
10291126
10587682
1582828
10585628
10579306
10298678
10587652
10583934
10567196
10550680
10560104
10587666
10338628
10129454
10299060
10560298
10587496
10586644
10588112
10582268
10560310
10586830
10554390
10579162
10588196
10276932
10585742
10586902
10558006
10588148
10298890
10239626
10587292
10228164
6244788
10560088
10584890
10587260
10588160
10551720
10269382
10587222
10587178
10588186
10567120
10258388
10562092
10587010
10588182
10587922
10558974
10587176
10587026
10560152
10587960
10606334
10585674
10566224
10459044
10579084
10567994
10586348
10565136
10587914
10579058
10291004
10584608
10561882
10566880
10566888
10537782
10165818
10586310
10552646
10414526
10556662
10207892
10586496
10561724
10164550
10601742
10586938
10586488
10562048
10562858
10431582
10321434
10586242
10580944
10578994
2659510
10586582
10585804
10578332
10578314
10601448
10586682
10180448
10587854
10578992
10176552
10586288
10586020
10578966
10566690
10593086
10550650
8398540
10587552
10099018
10593794
10583598
10585954
10587504
10587704
10208740
10585274
10585650
10587440
10587762
10194746
10577258
10508988
10583882
10587564
10298994
10387570
10181954
10585830
10587620
10544376
10585610
10183298
10561230
10503630
10557618
10585652
10555054
10576764
10587352
10601096
10585596
10585304
10564160
10585724
10598614
10585538
10583682
10585550
10587270
10598436
10583024
10584764
10587154
10587258
10598402
10564680
10584972
10583964
10587246
10564142
10555322
10584388
10587070
10587132
10559122
10556894
10584442
10584504
10587054
10587218
10131110
10583070
10586744
10586762
10552612
10543926
10583820
7477108
10565344
10591228
10551244
10578074
10586378
10577732
10181696
10136684
10578218
10586284
10586304
10592238
10421356
10578024
10586410
10586226
10588304
10106140
10577886
10586192
10585704
10310098
10334526
10556646
10558816
10510564
10587968
10555818
10576720
10551718
10553096
10587100
10584790
10544344
10585982
10560550
10509688
10584756
10367846
10550646
10187888
10561426
10581100
10164264
10585644
10315444
10159028
10583000
10563776
10585642
10544278
10459466
10583286
6244484
10585662
10216406
10585686
10578868
10480426
10585598
10559300
6243652
10581170
10563420
10554726
10585334
10556728
10581650
10477096
10129790
10585096
10556054
10578174
10582836
10466902
10584400
10557644
10580202
10582878
10299036
1581644
10587234
10581020
10565376
10553442
10581178
10590098
10577880
10565446
10585322
10583918
10560144
10577050
10376470
10585310
10601786
10416884
10577918
10452394
10427168
10554232
10566668
10577714
10565604
10585000
10607718
10568038
10578072
10298912
10584552
10561404
10582360
10576700
10551274
10584848
10592944
10550520
10577862
10550734
10584350
10591348
10589726
10565632
10610078
10583606
10599654
10568004
10550624
10604212
10584570
10582896
10567956
10550996
10599326
10584464
10610450
10132026
10550994
10609984
10583290
10610448
10567942
10544070
10555850
10583450
10562928
10589554
10508896
10592630
10581778
10586988
10582706
10128280
10609936
10578280
10607706
10579646
10444628
10605806
10580714
10599626
10579578
10558282
10593194
10579776
10599628
10587802
10555958
10591986
10578436
10585690
10589324
10216350
10587140
10578084
10165840
10589078
10566246
10606426
10500568
10607212
10589110
10599180
10607426
10577036
10593346
10587336
10298828
10593134
10577832
10599498
10476906
10359852
10599098
10556416
10102098
10554504
10592840
10591972
10562840
10593344
10588946
10610122
10327652
10556626
10414372
10589394
10610108
10593380
10557008
10610210
10589382
10610118
10606418
10551162
10599394
10589170
10551644
10591524
10552650
10556216
10589094
10610064
10183096
10551864
10582832
10589084
10565816
10299068
10610048
10258526
10589052
10599312
10609578
10426702
10164304
10588852
10609162
10609582
10609982
10582650
10588744
10592358
10398860
10609898
10599342
10588726
10609922
10598944
6244226
10556480
10588794
10587138
10605762
10599240
10610124
10584740
10606446
10486850
10609872
10566232
10588636
10599246
10233348
10604164
10567162
10588724
10593880
10564790
10596920
10609988
10588474
10601430
10582870
10591246
10609912
10567466
10431692
10586124
10604076
10586314
10588350
10555088
10605738
10593884
10609860
10583798
10607502
10587868
10593848
10601524
10588324
10604028
3413502
10604046
10607478
10556136
10599004
10171330
10591772
10594140
10588248
10607408
10337948
10605796
10593150
10561656
10609580
10603728
10609188
1494920
10588036
1581648
10181052
6244176
10604100
10585896
10589570
10567328
10609592
10607446
10588104
10609560
10360008
10606406
10599026
10543932
10598452
10603696
10609572
10604022
10153250
10609478
10577728
10609558
10370440
10188034
10553884
10586818
10603968
10609584
10557076
10609206
10598904
10209152
10606408
10587804
10607170
10598878
10605756
10590388
10566722
10598680
10594076
10399060
10593816
10587800
10603770
10601864
10607316
10577900
10587632
10582226
10549606
10603922
10290328
10566656
10552928
10299072
10607326
10603940
10587592
10564880
10586668
10603900
10521654
10587556
10508024
10601584
10550090
10606368
10586820
10563112
10598424
10586872
10609298
10299020
10566638
10601208
10586254
10299064
10587286
10552226
6244330
10310104
10606356
10587280
10602960
10598854
10508544
10609204
10587272
10321308
6354164
10603716
10384270
10587288
10426744
10183246
10582942
10603756
10587228
10601676
10585024
10604876
10603724
10577642
10585338
10564884
10466862
10603732
10610628
6244160
10379682
10603640
10578346
10610068
10508016
9763988
10551208
10226366
10610868
10562868
10598458
10564150
10404954
10553638
10587688
10598444
10591910
10598126
10359692
10352264
10180910
10557054
10298572
10610496
10584564
10553880
10602460
10603022
10102686
4738174
10587618
10131988
10553302
10298564
10424460
10593046
6244130
10589702
10610820
10598582
10561636
10601816
10553190
10610844
10321320
10592602
10601800
10586962
10556190
6331766
10593354
10601512
10598868
10588694
6244436
10561720
10601414
10555998
10452950
7857994
10508604
10601370
10590888
10610840
10598434
10557762
10399702
10598810
10579572
10554230
10587938
10591138
10593788
10508672
10398892
10559872
6244782
10598772
10588336
10577906
10564736
10591512
10359782
10598502
10557782
10578078
8407074
10134190
10216344
10558122
10164230
10592230
10543574
10188158
10587562
10583038
10564748
10587002
10585016
10327544
10585296
10598406
10590592
10567790
10564190
10553264
10598344
10592198
10593216
10398978
10544288
10598120
10582026
10587708
10555452
10168098
10303584
10590390
10587806
10557352
10177754
10593062
10591660
10182978
10585658
10195120
10591226
10305150
10588272
10139978
10426698
10590296
10555070
10583020
10553066
10261402
10299078
10281218
6244370
10556794
10578542
10563412
10583236
10610334
10359972
10560366
10298988
10359714
10556150
10310988
10590468
10187786
10582880
10563612
10352018
10591540
10458812
10562818
10587318
10585618
10589734
10555000
10587612
10567172
10583310
10589700
10582850
10589586
10605792
10593246
10589786
10568070
10327506
10552198
10587300
10589780
6244216
10586512
10473482
10270218
10589676
10555908
10404236
10578234
10568018
10327508
10566828
10130996
10601670
10563684
10352030
10553916
10152064
10582802
10579844
10584688
10551138
6244182
10610772
10507372
10589550
6244324
10609594
10610728
10589760
10567812
10584998
10609588
10577566
10589784
10567786
10559228
10195092
10564294
10589782
10590504
10510588
10610866
10587432
10557300
10609970
10560460
10565506
10593228
10555984
10610056
10582922
10556744
10607766
8414982
10352266
10564356
10610574
10182964
10589680
10610836
10558966
10610220
10553892
10566272
10555956
10590966
10587694
10607756
10567870
10507608
10591958
10564742
10568790
10561214
10610234
10590364
10610828
10431604
10589552
10601788
10568022
10610826
10586042
10589540
10508058
10589774
9700964
10610112
10578446
10610846
10589800
10559254
10587878
10581430
10610842
10353380
10584832
10592632
10589092
10466994
10589788
10607814
10609280
10589040
10261398
10556002
10586948
10599640
10589262
10588106
10589762
10566618
10604344
10589422
10610832
10589768
10590802
10587536
10427164
10563124
10589708
10338346
10578524
10585962
10587580
10589716
10566210
10591616
10610850
10601098
10589712
10587574
4921076
10610204
10565836
10579832
10567376
10610302
10589696
10586900
10567986
10563414
10208710
10444582
10593250
10567894
10588278
10604312
10610856
10586380
10589662
10176532
10599544
10566640
10591632
10589574
10315560
10322778
10553596
10593084
10579684
10587572
10607614
10556846
10281236
10558778
10551234
10593936
10131964
10466944
10579672
10080390
10610208
10610506
10583312
10562582
10584524
10610214
10588478
10581004
10610854
10318420
10605830
10558948
10590400
10338316
10590522
10591664
10168096
10585534
10583074
10557974
10591330
10599722
10609928
10194858
10267212
10567004
10579130
10509650
10589794
10585970
10543862
10589584
10579788
10610830
10592410
10558078
10586412
6244682
10610822
10587662
10601458
10582920
10604426
10558498
10510580
10588582
10609930
10550632
10610008
10607328
10550730
10584836
10595200
10598438
10594050
10599154
10587788
10556726
10610350
10599808
10610096
10557564
10576608
10564360
10593862
10610004
10587334
10565436
10603790
10610140
10594910
10552486
10509228
10583446
10610332
10607534
10554122
10610624
10585632
10601900
10387582
10588180
10594042
10584916
10562740
10563932
10607818
10610494
10563696
10580828
10291118
10610298
10594024
9982574
10352050
10544090
10554806
10552918
10603996
10551180
10587538
10164096
10605770
10561370
10594012
10561664
10609600
10299048
10599704
10310138
10609550
10599558
10591028
10587208
10609566
10599780
10565750
10176524
10590444
10610746
10599668
10604438
10131984
10560118
10603550
10284888
10609234
10609158
10299038
10578076
10587414
10589718
1520340
10586008
10578760
10610674
10604382
10558328
10609218
10584678
10610016
10598404
10607176
10610198
10610446
10583018
10607106
10610656
10610458
10564166
10512004
10589796
10610456
10589756
10585590
10594028
10610432
10585102
10589546
10183036
10610436
10560000
10605712
10590788
10610442
10177114
10152004
10593870
10610438
10585986
10610654
10607748
10606514
10590892
10591914
10563794
10228128
10610374
10589666
10585546
10604384
10594916
10593432
10601562
10563850
10607770
10550948
10610304
10592254
10610476
10609232
10564468
10604374
10610338
10592424
10567538
10610292
10591036
10610428
10592380
10610786
10610422
10584980
10609182
10610440
10604300
10591812
2364790
10583638
10599664
10583888
10593952
10599746
10589350
10610240
10589408
10586204
10188042
10586050
10587248
10480350
10243804
10604474
10610200
10558156
10610266
10270406
10298936
10270256
10416876
10590786
10560768
10359802
10298734
10593970
10555866
10610372
10593328
10598442
10609946
10590928
10558680
10610452
10593312
10598806
10610444
10552196
10610184
10610434
10594122
10250674
10610120
10561858
10604290
10553340
10123966
10582822
10610228
10594002
10339716
10606524
10555878
10587944
10584746
10587226
10607678
10550742
10564286
10610192
10590752
10228090
10610330
10610308
10585348
10610264
10610274
10599536
10556092
10587294
10567382
10610242
10610238
10610216
10610188
10610218
10098982
10585286
10593280
10607586
10171210
10599336
10604236
10610132
10579198
10588214
10439948
10599880
10587156
10599708
10610864
10610862
10610860
10610852
10610838
10610834