id
1
2
18
19
20
21
23
37
78
85
89
90
94
98
99
101
112
113
125
138
139
187
207
217
224
226
230
232
234
235
236
240
244
256
272
279
281
285
289
291
292
293
295
297
299
306
310
314
316
322
324
325
332
336
338
358
360
367
368
370
371
372
374
376
378
380
386
387
391
393
394
396
398
430
437
438
440
442
446
448
450
452
454
456
458
471
473
474
480
481
483
485
486
488
490
496
498
500
501
502
544
576
578
580
583
594
596
598
600
602
604
612
616
618
630
632
633
635
644
648
650
658
662
666
670
672
676
679
692
698
700
704
716
718
720
721
723
725
727
730
732
734
740
742
744
746
751
753
755
756
758
760
762
763
764
768
770
772
773
774
776
778
780
782
783
784
787
789
790
794
795
796
797
799
801
803
805
807
809
811
460
462
464
466
468
469
492
494
506
508
515
517
572
582
592
595
606
607
608
610
614
617
620
622
624
626
628
636
638
640
642
645
646
652
654
656
659
660
664
668
674
675
678
680
682
684
685
687
689
691
694
696
697
701
702
706
707
708
710
712
714
717
728
735
737
739
748
749
766
785
792
id
1
2
18
19
20
21
23
37
78
85
89
90
94
98
99
101
112
113
125
138
139
187
207
217
224
226
230
232
234
235
236
240
244
256
272
279
281
285
289
291
292
293
295
297
299
306
310
314
316
322
324
325
332
336
338
358
360
367
368
370
371
372
374
376
378
380
386
387
391
393
394
396
398
430
437
438
440
442
446
448
450
452
454
456
458
471
473
474
480
481
483
485
486
488
490
496
498
500
501
502
544
576
578
580
583
594
596
598
600
602
604
612
616
618
630
632
633
635
644
648
650
658
662
666
670
672
676
679
692
698
700
704
716
718
720
721
723
725
727
730
732
734
740
742
744
746
751
753
755
756
758
760
762
763
764
768
770
772
773
774
776
778
780
782
783
784
787
789
790
794
795
796
797
799
801
803
805
807
809
811
460
462
464
466
468
469
492
494
506
508
515
517
572
582
592
595
606
607
608
610
614
617
620
622
624
626
628
636
638
640
642
645
646
652
654
656
659
660
664
668
674
675
678
680
682
684
685
687
689
691
694
696
697
701
702
706
707
708
710
712
714
717
728
735
737
739
748
749
766
785
792
id
1
2
18
19
20
21
23
37
78
85
89
90
94
98
99
101
112
113
125
138
139
187
207
217
224
226
230
232
234
235
236
240
244
256
272
279
281
285
289
291
292
293
295
297
299
306
310
314
316
322
324
325
332
336
338
358
360
367
368
370
371
372
374
376
378
380
386
387
391
393
394
396
398
430
437
438
440
442
446
448
450
452
454
456
458
471
473
474
480
481
483
485
486
488
490
496
498
500
501
502
544
576
578
580
583
594
596
598
600
602
604
612
616
618
630
632
633
635
644
648
650
658
662
666
670
672
676
679
692
698
700
704
716
718
720
721
723
725
727
730
732
734
740
742
744
746
751
753
755
756
758
760
762
763
764
768
770
772
773
774
776
778
780
782
783
784
787
789
790
794
795
796
797
799
801
803
805
807
809
811
460
462
464
466
468
469
492
494
506
508
515
517
572
582
592
595
606
607
608
610
614
617
620
622
624
626
628
636
638
640
642
645
646
652
654
656
659
660
664
668
674
675
678
680
682
684
685
687
689
691
694
696
697
701
702
706
707
708
710
712
714
717
728
735
737
739
748
749
766
785
792
id
1
2
18
19
20
21
23
37
78
85
89
90
94
98
99
101
112
113
125
138
139
187
207
217
224
226
230
232
234
235
236
240
244
256
272
279
281
285
289
291
292
293
295
297
299
306
310
314
316
322
324
325
332
336
338
358
360
367
368
370
371
372
374
376
378
380
386
387
391
393
394
396
398
430
437
438
440
442
446
448
450
452
454
456
458
471
473
474
480
481
483
485
486
488
490
496
498
500
501
502
544
576
578
580
583
594
596
598
600
602
604
612
616
618
630
632
633
635
644
648
650
658
662
666
670
672
676
679
692
698
700
704
716
718
720
721
723
725
727
730
732
734
740
742
744
746
751
753
755
756
758
760
762
763
764
768
770
772
773
774
776
778
780
782
783
784
787
789
790
794
795
796
797
799
801
803
805
807
809
811
460
462
464
466
468
469
492
494
506
508
515
517
572
582
592
595
606
607
608
610
614
617
620
622
624
626
628
636
638
640
642
645
646
652
654
656
659
660
664
668
674
675
678
680
682
684
685
687
689
691
694
696
697
701
702
706
707
708
710
712
714
717
728
735
737
739
748
749
766
785
792
id
1
2
18
19
20
21
23
37
78
85
89
90
94
98
99
101
112
113
125
138
139
187
207
217
224
226
230
232
234
235
236
240
244
256
272
279
281
285
289
291
292
293
295
297
299
306
310
314
316
322
324
325
332
336
338
358
360
367
368
370
371
372
374
376
378
380
386
387
391
393
394
396
398
430
437
438
440
442
446
448
450
452
454
456
458
471
473
474
480
481
483
485
486
488
490
496
498
500
501
502
544
576
578
580
583
594
596
598
600
602
604
612
616
618
630
632
633
635
644
648
650
658
662
666
670
672
676
679
692
698
700
704
716
718
720
721
723
725
727
730
732
734
740
742
744
746
751
753
755
756
758
760
762
763
764
768
770
772
773
774
776
778
780
782
783
784
787
789
790
794
795
796
797
799
801
803
805
807
809
811
460
462
464
466
468
469
492
494
506
508
515
517
572
582
592
595
606
607
608
610
614
617
620
622
624
626
628
636
638
640
642
645
646
652
654
656
659
660
664
668
674
675
678
680
682
684
685
687
689
691
694
696
697
701
702
706
707
708
710
712
714
717
728
735
737
739
748
749
766
785
792
id
1
2
18
19
20
21
23
37
78
85
89
90
94
98
99
101
112
113
125
138
139
187
207
217
224
226
230
232
234
235
236
240
244
256
272
279
281
285
289
291
292
293
295
297
299
306
310
314
316
322
324
325
332
336
338
358
360
367
368
370
371
372
374
376
378
380
386
387
391
393
394
396
398
430
437
438
440
442
446
448
450
452
454
456
458
471
473
474
480
481
483
485
486
488
490
496
498
500
501
502
544
576
578
580
583
594
596
598
600
602
604
612
616
618
630
632
633
635
644
648
650
658
662
666
670
672
676
679
692
698
700
704
716
718
720
721
723
725
727
730
732
734
740
742
744
746
751
753
755
756
758
760
762
763
764
768
770
772
773
774
776
778
780
782
783
784
787
789
790
794
795
796
797
799
801
803
805
807
809
811
460
462
464
466
468
469
492
494
506
508
515
517
572
582
592
595
606
607
608
610
614
617
620
622
624
626
628
636
638
640
642
645
646
652
654
656
659
660
664
668
674
675
678
680
682
684
685
687
689
691
694
696
697
701
702
706
707
708
710
712
714
717
728
735
737
739
748
749
766
785
792
id
1
2
18
19
20
21
23
37
78
85
89
90
94
98
99
101
112
113
125
138
139
187
207
217
224
226
230
232
234
235
236
240
244
256
272
279
281
285
289
291
292
293
295
297
299
306
310
314
316
322
324
325
332
336
338
358
360
367
368
370
371
372
374
376
378
380
386
387
391
393
394
396
398
430
437
438
440
442
446
448
450
452
454
456
458
471
473
474
480
481
483
485
486
488
490
496
498
500
501
502
544
576
578
580
583
594
596
598
600
602
604
612
616
618
630
632
633
635
644
648
650
658
662
666
670
672
676
679
692
698
700
704
716
718
720
721
723
725
727
730
732
734
740
742
744
746
751
753
755
756
758
760
762
763
764
768
770
772
773
774
776
778
780
782
783
784
787
789
790
794
795
796
797
799
801
803
805
807
809
811
460
462
464
466
468
469
492
494
506
508
515
517
572
582
592
595
606
607
608
610
614
617
620
622
624
626
628
636
638
640
642
645
646
652
654
656
659
660
664
668
674
675
678
680
682
684
685
687
689
691
694
696
697
701
702
706
707
708
710
712
714
717
728
735
737
739
748
749
766
785
792
