Device:         rrqm/s   wrqm/s     r/s     w/s    rkB/s    wkB/s avgrq-sz avgqu-sz   await r_await w_await  svctm  %util
sdc               0.00     0.00    0.00    0.00     0.00     0.00    22.17     0.00    2.90    2.90    0.00   2.84   0.00
sda               0.04     0.07    0.04    2.82     3.04    41.48    31.20     0.03    9.57    1.27    9.68   7.60   2.17
sdb               0.00     0.00    0.00    0.00     0.00     0.00    19.67     0.00    2.36    2.36    0.00   2.21   0.00
dm-0              0.00     0.00    0.00    0.78     0.04     4.85    12.45     0.02   27.01    1.81   27.05  23.77   1.86
dm-1              0.00     0.00    0.05    0.06     0.19     0.24     8.00     0.00   27.97    1.99   49.14   0.20   0.00
dm-2              0.00     0.00    0.03    1.24     2.81    36.39    61.84     0.01    5.40    1.23    5.49   3.93   0.50

avg-cpu:  %user   %nice %system %iowait  %steal   %idle
          99.58    0.00    0.42    0.00    0.00    0.00

Device:         rrqm/s   wrqm/s     r/s     w/s    rkB/s    wkB/s avgrq-sz avgqu-sz   await r_await w_await  svctm  %util
sdc               0.00     0.00    0.00    0.00     0.00     0.00     0.00     0.00    0.00    0.00    0.00   0.00   0.00
sda               7.00     0.00    1.00  239.00    32.00   573.00     5.04     0.87    3.63    1.00    3.64   2.45  58.70
sdb               0.00     0.00    0.00    0.00     0.00     0.00     0.00     0.00    0.00    0.00    0.00   0.00   0.00
dm-0              0.00     0.00    0.00   76.00     0.00   210.50     5.54     0.42    5.55    0.00    5.55   5.50  41.80
dm-1              0.00     0.00    8.00    0.00    32.00     0.00     8.00     0.01    1.00    1.00    0.00   0.12   0.10
dm-2              0.00     0.00    0.00   83.00     0.00   360.50     8.69     0.45    5.41    0.00    5.41   5.31  44.10

avg-cpu:  %user   %nice %system %iowait  %steal   %idle
          99.92    0.00    0.08    0.00    0.00    0.00

Device:         rrqm/s   wrqm/s     r/s     w/s    rkB/s    wkB/s avgrq-sz avgqu-sz   await r_await w_await  svctm  %util
sdc               0.00     0.00    0.00    0.00     0.00     0.00     0.00     0.00    0.00    0.00    0.00   0.00   0.00
sda               0.00     0.00    0.00   37.00     0.00   186.00    10.05     0.11    3.00    0.00    3.00   2.97  11.00
sdb               0.00     0.00    0.00    0.00     0.00     0.00     0.00     0.00    0.00    0.00    0.00   0.00   0.00
dm-0              0.00     0.00    0.00    8.00     0.00    24.00     6.00     0.04    4.62    0.00    4.62   4.62   3.70
dm-1              0.00     0.00    0.00    0.00     0.00     0.00     0.00     0.00    0.00    0.00    0.00   0.00   0.00
dm-2              0.00     0.00    0.00   17.00     0.00   162.00    19.06     0.07    4.35    0.00    4.35   4.29   7.30

avg-cpu:  %user   %nice %system %iowait  %steal   %idle
         100.00    0.00    0.00    0.00    0.00    0.00

Device:         rrqm/s   wrqm/s     r/s     w/s    rkB/s    wkB/s avgrq-sz avgqu-sz   await r_await w_await  svctm  %util
sdc               0.00     0.00    0.00    0.00     0.00     0.00     0.00     0.00    0.00    0.00    0.00   0.00   0.00
sda               0.00     0.00    0.00    6.00     0.00   130.50    43.50     0.02    3.67    0.00    3.67   3.67   2.20
sdb               0.00     0.00    0.00    0.00     0.00     0.00     0.00     0.00    0.00    0.00    0.00   0.00   0.00
dm-0              0.00     0.00    0.00    0.00     0.00     0.00     0.00     0.00    0.00    0.00    0.00   0.00   0.00
dm-1              0.00     0.00    0.00    0.00     0.00     0.00     0.00     0.00    0.00    0.00    0.00   0.00   0.00
dm-2              0.00     0.00    0.00    4.00     0.00   130.50    65.25     0.02    5.50    0.00    5.50   5.50   2.20

avg-cpu:  %user   %nice %system %iowait  %steal   %idle
          99.92    0.00    0.08    0.00    0.00    0.00

Device:         rrqm/s   wrqm/s     r/s     w/s    rkB/s    wkB/s avgrq-sz avgqu-sz   await r_await w_await  svctm  %util
sdc               0.00     0.00    0.00    0.00     0.00     0.00     0.00     0.00    0.00    0.00    0.00   0.00   0.00
sda               0.00     2.00    0.00   85.00     0.00  4547.50   107.00     0.14    1.69    0.00    1.69   0.52   4.40
sdb               0.00     0.00    0.00    0.00     0.00     0.00     0.00     0.00    0.00    0.00    0.00   0.00   0.00
dm-0              0.00     0.00    0.00   21.00     0.00   704.00    67.05     0.03    1.24    0.00    1.24   0.10   0.20
dm-1              0.00     0.00    0.00    0.00     0.00     0.00     0.00     0.00    0.00    0.00    0.00   0.00   0.00
dm-2              0.00     0.00    0.00   64.00     0.00  3843.50   120.11     0.12    1.88    0.00    1.88   0.67   4.30

avg-cpu:  %user   %nice %system %iowait  %steal   %idle
          99.92    0.00    0.08    0.00    0.00    0.00

Device:         rrqm/s   wrqm/s     r/s     w/s    rkB/s    wkB/s avgrq-sz avgqu-sz   await r_await w_await  svctm  %util
sdc               0.00     0.00    0.00    0.00     0.00     0.00     0.00     0.00    0.00    0.00    0.00   0.00   0.00
sda               0.00    49.00    1.00  191.00    16.00  4847.50    50.66     0.79    4.12    4.00    4.13   0.81  15.60
sdb               0.00     0.00    0.00    0.00     0.00     0.00     0.00     0.00    0.00    0.00    0.00   0.00   0.00
dm-0              0.00     0.00    1.00  174.00    16.00  1906.50    21.97     0.87    4.95    4.00    4.96   0.27   4.80
dm-1              0.00     0.00    0.00    0.00     0.00     0.00     0.00     0.00    0.00    0.00    0.00   0.00   0.00
dm-2              0.00     0.00    0.00   50.00     0.00  2925.00   117.00     0.17    3.36    0.00    3.36   2.16  10.80

avg-cpu:  %user   %nice %system %iowait  %steal   %idle
          99.92    0.00    0.08    0.00    0.00    0.00

Device:         rrqm/s   wrqm/s     r/s     w/s    rkB/s    wkB/s avgrq-sz avgqu-sz   await r_await w_await  svctm  %util
sdc               0.00     0.00    0.00    0.00     0.00     0.00     0.00     0.00    0.00    0.00    0.00   0.00   0.00
sda               0.00     2.00    0.00   27.00     0.00   451.50    33.44     0.07    2.74    0.00    2.74   2.22   6.00
sdb               0.00     0.00    0.00    0.00     0.00     0.00     0.00     0.00    0.00    0.00    0.00   0.00   0.00
dm-0              0.00     0.00    0.00    2.00     0.00     5.00     5.00     0.01    4.50    0.00    4.50   4.50   0.90
dm-1              0.00     0.00    0.00    0.00     0.00     0.00     0.00     0.00    0.00    0.00    0.00   0.00   0.00
dm-2              0.00     0.00    0.00   21.00     0.00   446.50    42.52     0.07    3.38    0.00    3.38   2.43   5.10

avg-cpu:  %user   %nice %system %iowait  %steal   %idle
          99.75    0.00    0.25    0.00    0.00    0.00

Device:         rrqm/s   wrqm/s     r/s     w/s    rkB/s    wkB/s avgrq-sz avgqu-sz   await r_await w_await  svctm  %util
sdc               0.00     0.00    0.00    0.00     0.00     0.00     0.00     0.00    0.00    0.00    0.00   0.00   0.00
sda              31.00     0.00    8.00   80.00   336.00   585.00    20.93     0.26    2.99    0.50    3.24   2.36  20.80
sdb               0.00     0.00    0.00    0.00     0.00     0.00     0.00     0.00    0.00    0.00    0.00   0.00   0.00
dm-0              0.00     0.00    0.00   22.00     0.00   119.50    10.86     0.12    5.27    0.00    5.27   5.27  11.60
dm-1              0.00     0.00   36.00    0.00   144.00     0.00     8.00     0.02    0.44    0.44    0.00   0.06   0.20
dm-2              0.00     0.00    3.00   33.00   192.00   465.50    36.53     0.14    4.03    0.67    4.33   3.94  14.20

avg-cpu:  %user   %nice %system %iowait  %steal   %idle
         100.00    0.00    0.00    0.00    0.00    0.00

Device:         rrqm/s   wrqm/s     r/s     w/s    rkB/s    wkB/s avgrq-sz avgqu-sz   await r_await w_await  svctm  %util
sdc               0.00     0.00    0.00    0.00     0.00     0.00     0.00     0.00    0.00    0.00    0.00   0.00   0.00
sda               0.00     1.00    0.00   16.00     0.00   328.50    41.06     0.04    2.50    0.00    2.50   1.94   3.10
sdb               0.00     0.00    0.00    0.00     0.00     0.00     0.00     0.00    0.00    0.00    0.00   0.00   0.00
dm-0              0.00     0.00    0.00    0.00     0.00     0.00     0.00     0.00    0.00    0.00    0.00   0.00   0.00
dm-1              0.00     0.00    0.00    0.00     0.00     0.00     0.00     0.00    0.00    0.00    0.00   0.00   0.00
dm-2              0.00     0.00    0.00   14.00     0.00   328.50    46.93     0.04    3.00    0.00    3.00   2.21   3.10

avg-cpu:  %user   %nice %system %iowait  %steal   %idle
          99.92    0.00    0.08    0.00    0.00    0.00

Device:         rrqm/s   wrqm/s     r/s     w/s    rkB/s    wkB/s avgrq-sz avgqu-sz   await r_await w_await  svctm  %util
sdc               0.00     0.00    0.00    0.00     0.00     0.00     0.00     0.00    0.00    0.00    0.00   0.00   0.00
sda              24.00    36.00    9.00  142.00   336.00  1373.50    22.64     0.40    2.60    0.78    2.71   1.69  25.50
sdb               0.00     0.00    0.00    0.00     0.00     0.00     0.00     0.00    0.00    0.00    0.00   0.00   0.00
dm-0              0.00     0.00    0.00  103.00     0.00   988.50    19.19     0.28    2.65    0.00    2.65   1.38  14.20
dm-1              0.00     0.00   28.00    0.00   112.00     0.00     8.00     0.01    0.54    0.54    0.00   0.07   0.20
dm-2              0.00     0.00    5.00   46.00   224.00   386.00    23.92     0.18    3.55    1.00    3.83   3.39  17.30
